150 156
258 137
572 175
418 238
198 388
315 131
143 427
870 404
807 150
836 270
754 389
616 486
370 379
847 187
648 23
870 298
179 480
435 252
155 205
842 353
593 10
985 237
937 207
993 244
209 329
866 464
719 334
802 441
713 149
128 362
672 351
512 204
831 300
308 339
505 2
692 99
12 29
188 301
236 181
45 446
363 412
762 434
98 64
227 312
565 208
526 238
59 38
794 242
338 454
581 196
956 274
295 469
655 483
270 392
16 168
690 379
932 452
165 30
16 393
194 81
101 220
171 12
111 317
754 301
771 188
997 228
314 292
49 469
127 319
861 144
339 403
875 271
355 41
654 223
434 348
657 387
921 180
399 384
498 5
185 269
193 35
349 359
179 398
829 307
70 190
451 261
594 178
385 301
719 39
25 5
239 34
744 160
214 495
544 64
1 82
334 46
617 35
406 296
786 235
103 208
277 406
969 223
937 354
877 8
745 254
514 485
288 110
497 354
106 42
919 459
476 253
5 93
640 263
241 426
350 197
634 480
955 456
555 392
310 432
901 56
686 267
393 326
377 390
181 483
284 100
294 260
705 152
205 345
415 447
124 118
496 110
98 451
66 153
344 229
438 97
137 476
716 30
803 93
420 484
929 205
436 223
817 141
875 23
838 143
822 314
761 318
425 211
769 343
216 465
924 154
414 61
483 130
943 286
576 364
622 5
421 58
80 238
199 308
613 389
303 435
704 416
753 129
627 375
324 195
692 249
202 107
662 185
237 106
971 165
322 93
670 243
3 103
333 202
763 447
943 66
734 147
482 488
128 461
715 453
8 407
54 210
866 216
247 456
322 70
621 496
515 144
739 18
99 425
72 362
724 16
280 458
663 114
298 292
927 13
597 435
773 151
498 491
719 245
447 394
316 69
390 331
65 482
350 164
907 274
26 483
790 306
441 306
772 240
598 199
105 47
634 230
198 484
222 417
230 169
311 398
90 54
81 155
536 431
671 295
558 197
778 348
355 71
154 127
663 104
178 269
651 313
351 201
297 425
471 379
947 134
777 37
188 359
545 76
642 216
871 200
266 1
901 473
573 407
453 236
512 131
357 15
796 209
717 94
986 188
325 433
674 103
323 363
314 220
939 308
788 163
861 406
164 262
380 89
169 185
326 33
816 183
549 113
744 266
59 83
806 384
16 480
839 191
695 5
911 487
814 52
502 175
458 166
789 338
108 458
23 434
992 192
469 393
157 66
511 216
649 317
952 17
149 144
709 197
649 472
536 315
24 38
842 483
56 131
673 164
942 49
598 286
241 420
179 398
986 190
966 487
359 270
4 360
414 65
57 416
38 93
583 62
983 426
897 40
409 71
204 351
620 303
637 213
223 168
963 61
858 281
548 217
551 52
430 318
618 339
86 8
433 169
70 268
447 320
808 357
891 13
560 363
168 50
76 243
718 391
304 429
672 352
498 75
756 428
245 226
768 331
734 53
353 157
321 300
477 130
657 368
143 70
583 163
120 159
406 338
402 210
767 74
914 266
1 170
546 247
397 314
578 131
867 431
288 41
84 265
671 93
485 166
663 68
829 283
79 87
974 481
297 93
907 211
711 409
233 258
508 130
924 86
114 144
370 254
685 454
520 208
547 357
874 211
426 55
346 357
994 172
691 291
766 450
854 329
859 87
439 219
70 364
806 36
508 28
290 193
982 310
253 381
520 479
444 298
534 291
155 380
463 198
171 81
149 377
763 360
816 202
80 238
566 238
774 426
766 65
619 100
227 372
333 247
351 278
397 237
921 53
469 236
103 140
318 252
369 433
613 38
635 45
776 202
283 51
628 401
968 100
853 47
824 186
647 28
964 44
117 237
949 87
974 53
579 144
305 449
77 270
839 212
315 115
266 450
518 395
703 486
847 56
386 171
743 33
551 59
77 169
297 27
608 123
432 187
267 89
488 344
360 327
408 27
295 175
330 313
922 33
652 269
942 38
792 185
71 196
96 0
717 245
879 325
368 311
864 487
401 205
683 113
32 92
492 179
119 174
493 41
208 497
162 150
535 306
187 458
354 135
458 71
381 338
748 101
1 113
89 402
318 124
867 202
216 360
734 187
886 227
80 94
724 94
596 111
253 135
921 107
123 379
679 356
69 427
957 423
392 398
825 62
523 45
117 91
405 351
779 143
430 211
738 6
806 186
117 59
174 38
666 149
769 197
505 191
477 462
614 221
213 291
284 236
836 253
179 93
956 310
237 386
522 327
892 180
365 361
739 391
751 257
540 372
807 45
415 284
860 29
505 73
173 141
161 361
246 340
955 202
651 44
588 25
871 332
205 88
193 296
480 296
405 20
169 212
418 84
848 278
966 206
351 491
847 12
852 446
852 307
648 355
703 89
380 74
421 437
163 467
233 495
263 139
367 284
851 285
721 200
63 39
406 414
530 105
278 234
403 483
894 52
338 97
641 71
524 414
8 39
381 94
34 497
233 401
133 436
187 206
488 102
245 246
369 127
204 147
862 107
130 108
659 321
705 152
892 229
419 252
268 300
846 302
149 431
56 283
220 243
489 208
845 87
307 214
214 11
214 428
470 196
536 482
517 94
486 261
823 405
14 444
706 212
98 207
644 154
842 216
749 332
924 447
771 83
513 337
446 227
766 417
424 154
399 293
248 237
55 424
143 421
868 201
633 466
408 129
473 251
845 222
935 122
169 206
705 183
395 152
410 161
421 186
168 172
480 268
409 387
192 52
308 412
753 293
731 14
275 204
765 120
426 52
594 96
110 152
631 5
156 393
19 77
580 187
749 412
307 10
651 352
63 459
264 168
604 495
682 379
551 299
352 478
851 446
926 461
950 57
467 106
302 338
683 382
377 284
646 184
295 297
536 210
608 153
230 213
500 413
444 52
64 296
30 416
95 308
229 45
865 48
152 167
886 187
402 263
972 400
300 119
50 336
681 158
989 411
223 490
176 20
542 241
816 424
509 263
232 238
661 449
139 165
968 25
352 222
641 176
123 441
647 173
129 328
183 119
240 259
961 268
779 355
9 447
131 18
211 363
609 224
164 248
389 132
125 241
855 118
770 330
411 417
855 41
98 38
12 190
149 325
458 428
180 468
876 311
338 439
26 299
663 42
399 404
674 377
497 381
995 267
563 259
37 418
300 135
809 164
825 310
989 283
239 169
103 467
832 294
258 210
445 273
752 345
677 278
74 174
12 69
794 75
180 331
346 480
318 7
144 143
817 485
426 408
6 382
875 338
676 485
400 121
758 4
318 287
283 392
314 295
814 108
222 494
291 420
827 109
427 323
104 245
809 382
653 315
764 381
6 292
366 406
914 477
911 84
616 46
977 430
193 143
390 267
137 33
688 316
994 467
640 98
712 449
981 218
616 245
951 122
538 169
381 304
498 144
740 115
190 69
45 235
212 288
502 202
821 190
18 316
658 158
266 222
459 247
792 428
345 95
402 383
765 283
39 115
779 131
730 321
201 128
56 413
916 59
115 89
101 486
257 111
496 24
186 308
771 330
736 116
426 138
351 43
274 242
158 53
874 241
727 75
369 283
840 137
694 456
78 148
794 336
611 290
212 149
598 483
480 334
452 258
825 155
153 99
898 163
504 124
904 231
199 125
367 39
262 61
347 341
561 141
29 173
784 241
322 382
576 154
69 380
412 394
536 417
345 286
581 349
910 485
433 461
111 300
852 225
213 52
418 275
45 299
300 329
40 474
564 469
129 133
349 393
527 237
811 224
23 244
425 285
229 358
746 192
10 451
770 224
503 188
351 48
988 151
730 380
625 294
701 106
927 51
0 306
640 163
30 164
907 455
301 488
666 400
533 176
351 303
900 354
843 251
754 183
254 484
564 380
778 265
338 57
668 190
863 309
853 245
325 112
53 478
601 219
378 486
395 229
789 296
935 132
899 190
168 154
526 232
386 157
349 76
714 370
767 430
31 472
527 208
85 80
686 38
651 417
524 47
146 165
695 434
649 446
476 317
452 2
901 338
11 251
267 78
973 34
8 356
6 387
64 91
468 102
481 119
519 5
518 18
670 213
452 320
160 428
489 112
930 391
803 294
994 70
372 467
456 380
323 462
619 239
906 439
193 387
911 213
745 429
731 267
995 35
439 7
463 429
471 245
320 126
39 314
48 411
633 4
143 308
319 263
47 77
202 92
316 465
305 61
895 388
181 242
275 120
749 238
549 220
836 369
199 375
535 247
639 168
752 134
476 423
897 375
0 452
468 316
269 125
730 164
866 411
406 141
531 7
232 81
80 68
302 279
295 338
526 286
6 130
421 335
53 170
710 53
474 30
722 244
656 452
260 374
363 19
367 394
526 99
327 458
19 130
237 167
820 116
305 178
746 226
13 152
749 76
557 75
606 279
319 114
731 432
488 94
951 208
341 329
159 168
140 179
650 377
198 470
493 3
649 92
582 14
744 183
90 301
258 197
933 430
663 164
862 4
111 165
712 452
346 371
472 486
402 123
216 100
593 61
456 94
653 390
609 249
425 199
403 183
748 336
613 412
352 327
916 463
344 128
267 191
851 240
529 254
863 245
206 308
807 14
403 312
756 364
914 181
63 317
865 164
5 330
576 357
10 344
173 354
824 440
397 175
180 279
281 43
376 340
204 183
854 459
348 111
323 262
792 238
931 9
902 288
840 330
645 202
674 318
908 350
611 158
526 291
937 159
187 313
999 391
849 354
350 49
817 25
163 109
763 94
971 166
382 311
496 379
365 23
550 273
373 161
283 251
952 220
411 491
886 262
234 87
968 436
988 285
961 151
747 225
245 218
743 479
881 91
710 246
114 260
871 340
773 155
91 78
727 354
569 465
969 304
52 437
92 40
723 54
543 322
131 140
540 374
119 273
817 182
19 284
442 242
124 216
397 67
294 477
774 215
442 243
371 347
680 464
239 255
518 283
577 149
923 469
875 43
242 44
577 113
328 19
856 452
587 105
20 233
434 294
449 377
889 320
76 69
284 315
677 302
98 106
803 22
76 30
417 170
75 494
284 255
365 492
208 453
449 80
186 384
726 135
113 115
808 189
184 92
504 213
247 455
820 402
977 396
785 246
918 212
740 202
967 105
46 175
410 496
755 97
732 481
584 345
96 392
386 133
837 242
198 84
197 18
486 174
266 271
920 185
835 12
739 303
118 286
978 28
282 86
477 366
919 62
211 368
806 449
353 143
191 51
727 389
570 66
915 336
189 188
373 25
200 113
828 170
899 158
551 33
244 28
899 16
442 462
884 249
411 237
244 454
788 324
343 210
890 259
547 431
447 420
808 499
33 488
670 284
147 221
817 243
249 216
259 44
530 495
645 293
732 389
248 373
213 91
583 455
202 482
887 1
403 47
1 288
36 171
425 183
244 242
278 345
311 390
889 341
385 34
135 470
776 235
343 489
326 426
797 381
409 36
882 164
83 235
304 119
258 229
654 2
324 433
700 135
823 89
828 60
476 315
30 252
50 373
593 229
652 242
610 413
778 344
577 362
80 233
333 190
315 340
545 139
273 245
626 448
834 306
8 162
474 39
266 24
764 360
605 416
602 215
181 233
412 258
947 344
344 280
534 159
972 79
650 245
324 128
45 11
786 406
173 260
797 440
785 61
652 390
330 106
958 11
339 370
622 138
566 318
271 100
977 243
532 479
841 208
959 386
719 245
292 245
6 89
37 143
3 41
885 333
999 343
196 339
565 318
977 131
136 100
584 465
844 116
796 185
676 107
571 248
853 216
993 359
657 382
354 160
775 239
345 274
435 394
465 0
712 295
484 201
395 420
18 239
888 167
924 64
274 348
312 127
416 157
338 73
391 44
86 166
284 283
941 219
677 406
71 242
201 407
943 449
327 313
188 67
480 465
132 255
665 296
234 81
454 425
506 345
969 444
364 105
728 157
324 405
63 248
147 117
655 442
566 335
756 106
902 88
571 386
695 236
183 282
669 489
207 28
186 28
472 50
134 200
207 310
606 123
558 105
240 66
548 158
253 156
264 7
244 188
894 292
776 429
574 446
418 281
974 104
661 298
507 295
999 214
606 457
689 164
62 281
82 462
439 335
618 56
843 215
596 89
507 372
518 81
170 436
214 496
892 375
295 399
671 294
466 129
603 155
145 165
437 228
980 228
563 98
636 258
165 232
847 172
605 365
105 275
653 171
272 398
547 419
649 70
565 467
199 168
623 344
185 412
572 165
992 488
116 129
246 281
861 446
306 466
811 263
594 317
435 218
67 482
137 216
904 202
184 103
222 159
799 407
923 372
573 415
212 189
544 310
322 258
256 480
576 420
744 170
589 179
740 156
513 229
372 417
283 408
872 5
419 171
913 342
395 338
258 107
879 154
770 201
264 26
182 341
446 278
363 35
457 456
43 322
685 416
739 469
676 463
826 96
634 239
438 30
929 48
989 308
555 259
10 319
138 44
12 84
822 376
972 131
184 15
305 369
783 44
190 460
359 17
908 493
108 346
375 38
747 365
846 302
124 208
473 262
104 486
199 278
214 23
909 398
890 66
619 26
962 310
838 321
179 246
315 287
92 190
677 191
55 376
493 32
84 319
146 189
805 197
819 371
572 81
121 315
647 240
841 110
902 179
931 81
777 246
721 369
289 398
413 196
274 258
580 211
577 227
252 234
776 71
105 201
152 78
516 300
319 209
410 73
388 193
655 165
940 228
386 81
126 151
277 253
410 358
816 487
937 68
722 213
491 179
766 496
758 282
796 429
991 58
2 231
603 9
248 43
737 487
124 216
138 254
969 48
612 285
888 49
205 110
614 196
141 381
692 251
15 340
680 359
750 35
90 354
44 191
249 282
30 226
998 20
480 319
421 92
456 309
993 161
271 107
709 264
988 254
16 4
946 196
363 49
83 305
403 128
848 4
262 230
82 112
751 414
931 24
358 239
833 351
752 456
959 313
220 299
567 88
655 366
637 370
915 220
176 170
848 376
26 462
607 109
74 210
23 357
234 382
96 419
85 348
875 44
662 447
696 81
388 351
447 25
722 214
745 250
384 446
626 263
408 85
872 483
295 247
840 29
629 437
948 215
137 175
111 151
975 307
733 363
511 32
388 85
599 485
835 335
431 313
98 340
399 470
675 46
218 15
928 199
804 376
266 294
404 230
445 379
889 30
742 400
415 482
337 14
967 172
349 399
338 448
591 89
770 266
135 340
133 415
892 438
292 158
584 48
240 29
427 130
912 21
882 327
355 220
341 174
744 42
425 82
842 16
523 113
634 11
953 268
426 345
58 70
356 142
118 96
23 397
78 435
418 461
262 125
181 455
800 277
998 225
360 340
242 235
805 228
246 111
996 173
956 406
743 164
400 362
613 424
759 191
359 30
652 474
655 185
929 307
463 279
33 323
472 127
410 277
855 157
388 204
330 197
962 425
361 363
639 474
787 251
666 498
281 170
472 288
856 254
448 319
33 481
494 5
108 404
135 315
561 23
871 243
572 334
21 286
197 160
260 336
411 278
834 44
301 159
685 157
765 133
828 298
966 322
656 74
578 143
741 492
18 113
87 91
447 108
877 144
121 489
332 384
120 166
929 421
177 466
930 442
451 258
93 417
432 101
843 10
244 84
854 114
549 442
205 496
50 82
992 23
924 324
408 44
843 189
465 372
655 247
315 458
505 260
875 289
861 218
651 457
654 6
71 204
448 129
552 350
63 45
374 487
221 134
31 64
823 348
789 330
595 104
288 452
216 163
741 429
233 393
886 387
899 309
443 199
290 496
901 354
893 127
341 114
761 225
531 436
925 320
766 373
776 54
325 492
569 419
421 302
164 159
42 63
968 337
114 111
833 367
965 226
995 158
841 108
383 224
45 161
44 163
534 320
218 211
164 139
630 85
294 294
244 188
209 64
525 175
175 359
43 492
437 390
151 130
850 34
354 395
547 250
59 81
570 129
645 234
120 127
671 414
774 267
102 335
832 128
11 359
339 406
852 128
148 3
759 498
889 465
246 289
216 157
870 138
286 367
225 258
495 396
173 269
164 127
604 348
255 467
59 446
725 411
75 373
266 186
224 8
651 470
297 219
127 19
358 265
387 83
523 234
479 196
503 495
676 459
695 431
427 255
230 4
666 157
378 285
843 454
145 346
424 442
66 403
961 424
668 200
7 43
934 338
592 289
186 268
249 381
551 28
636 281
884 155
438 114
292 133
568 437
480 492
879 46
895 192
970 415
245 329
459 31
519 51
321 57
671 422
939 222
302 427
4 186
582 294
801 374
428 369
663 260
714 42
806 461
87 128
877 332
809 188
863 328
91 36
386 262
458 177
984 112
604 340
299 39
135 452
765 415
173 429
175 387
323 333
849 410
813 78
94 122
118 310
302 209
846 40
971 157
717 455
769 174
648 420
213 283
872 330
50 46
759 77
285 435
262 486
197 75
564 292
697 182
954 499
243 300
40 214
809 109
522 79
783 170
999 348
305 224
679 207
622 438
284 407
873 398
394 71
973 310
715 22
345 169
21 88
821 413
155 131
875 177
562 158
199 413
359 356
137 38
563 259
828 199
19 202
97 413
125 70
75 192
92 420
213 465
9 34
231 16
17 458
193 79
116 244
845 327
600 482
865 15
94 194
714 113
748 163
878 373
233 453
417 177
374 130
494 235
16 77
603 386
535 296
317 4
892 162
831 492
497 197
7 91
391 73
704 139
236 434
364 321
887 133
850 113
115 344
700 131
422 303
517 309
451 187
313 343
349 145
835 346
194 194
789 437
267 345
428 355
779 292
676 167
277 26
632 392
871 333
875 145
988 245
954 440
932 120
783 281
117 471
480 311
517 269
600 285
115 28
640 394
172 169
913 449
195 398
193 418
583 68
415 71
813 222
11 245
342 147
379 311
470 359
474 487
128 74
124 95
102 117
842 126
786 255
427 333
653 120
752 236
688 19
160 2
241 23
599 435
22 478
746 492
837 220
832 318
646 308
913 100
425 255
726 63
863 153
897 368
773 1
457 314
872 117
668 114
140 267
49 15
246 148
7 83
720 191
753 367
500 167
467 425
774 46
841 137
51 90
858 177
443 315
991 315
284 159
781 276
926 183
291 24
331 299
960 51
842 213
770 342
732 90
620 7
136 461
496 187
903 354
716 346
21 207
13 305
718 295
82 497
978 373
521 309
24 481
712 367
195 483
209 279
73 329
786 61
642 283
100 45
989 317
243 11
876 257
316 95
52 398
592 30
124 465
691 148
947 255
15 494
238 225
773 163
406 60
576 49
195 177
946 36
846 190
547 222
447 216
317 351
966 261
233 90
727 424
239 26
679 254
520 270
831 293
285 238
205 362
639 252
539 85
641 237
127 40
459 426
108 129
777 75
742 10
165 469
286 256
495 318
363 367
940 194
13 225
432 70
87 423
675 478
9 316
715 488
208 27
415 317
656 44
392 398
555 409
220 193
666 67
863 29
435 303
575 300
29 360
370 468
783 397
799 144
65 14
633 274
41 48
591 49
592 335
448 499
244 20
45 262
87 408
643 374
712 219
674 93
579 397
561 214
794 360
859 360
227 492
134 120
892 77
670 336
412 470
688 156
490 233
271 429
641 414
804 205
485 330
798 416
227 212
131 374
424 490
586 151
834 72
272 226
149 294
914 61
116 102
569 106
335 192
887 329
107 191
34 444
522 185
361 101
897 344
827 321
186 413
325 20
485 449
98 486
243 364
547 359
967 469
317 154
661 204
335 120
248 370
65 122
907 278
223 304
974 51
477 160
816 302
532 302
751 482
288 346
346 188
57 165
657 374
672 170
931 7
791 179
377 208
301 284
338 24
440 312
927 418
824 244
72 208
398 324
690 38
522 388
578 80
54 87
954 226
258 385
85 401
416 463
609 217
99 447
594 392
611 373
162 435
969 234
143 219
410 185
758 433
573 336
513 479
924 319
57 34
705 143
935 473
958 44
191 409
843 137
301 454
10 463
241 480
50 384
699 460
921 309
745 494
146 258
826 422
78 383
956 135
26 243
608 336
787 151
746 482
288 47
436 299
863 29
631 265
413 330
77 186
140 323
180 138
433 6
412 363
242 220
350 120
963 459
957 102
462 203
84 251
102 372
402 317
901 33
582 166
715 12
352 207
835 384
197 120
891 461
484 485
681 334
105 144
145 62
98 460
117 182
711 72
406 465
889 307
850 324
325 417
836 177
477 23
914 174
643 157
636 479
642 169
314 247
666 311
162 264
771 131
299 334
203 205
299 445
365 1
269 42
419 457
72 396
832 486
922 327
143 410
307 285
580 473
884 246
784 46
362 408
30 161
742 233
719 394
678 436
247 299
478 166
108 50
914 440
536 189
768 31
99 427
816 179
400 201
277 36
99 492
444 129
653 39
715 224
285 245
512 32
45 491
551 5
893 317
446 282
6 66
813 106
345 482
137 245
35 267
633 134
759 430
616 264
321 183
841 106
428 353
490 325
344 41
331 90
859 129
372 365
47 37
323 392
519 313
489 54
580 122
41 339
904 157
455 225
340 296
183 120
650 174
946 346
67 277
936 278
758 160
496 305
198 319
549 217
632 38
624 64
512 165
903 417
674 211
994 14
7 178
486 9
204 432
708 271
61 496
550 319
657 46
976 207
217 25
276 202
915 400
766 280
565 22
549 239
733 43
605 92
73 92
102 277
876 162
901 438
158 451
109 315
849 438
374 418
315 151
620 83
551 387
363 469
409 412
60 494
455 18
586 29
462 40
158 190
202 59
980 361
862 90
528 63
880 403
482 195
906 454
130 309
841 493
630 102
405 191
96 213
61 35
94 375
427 104
565 482
664 46
695 378
988 223
942 368
478 276
415 384
230 46
546 424
391 176
26 149
867 475
362 280
862 308
155 289
764 221
271 428
619 466
307 107
542 101
475 372
377 242
109 107
788 155
31 32
831 410
681 51
237 395
331 99
555 339
388 319
912 12
748 31
978 407
138 372
8 465
245 237
207 354
344 348
9 228
880 192
490 61
243 227
308 427
826 363
766 66
182 178
578 282
561 409
689 199
781 49
664 378
786 223
732 483
571 93
563 303
286 53
716 29
780 24
808 458
887 74
524 70
604 455
352 165
716 394
216 349
443 232
228 82
456 312
417 27
406 332
183 192
385 399
573 17
924 382
827 311
308 351
233 265
158 86
782 374
332 499
724 127
583 304
709 39
616 478
419 22
810 102
66 47
501 140
416 425
374 243
589 182
947 322
299 105
760 82
332 92
433 408
220 16
712 281
408 328
112 327
703 422
781 269
822 282
761 238
60 135
834 1
170 281
175 469
238 436
903 70
380 188
330 452
705 42
234 113
723 346
292 426
620 73
195 294
355 309
385 267
444 219
120 114
352 296
436 90
232 191
513 464
380 343
917 437
238 151
550 461
849 342
739 321
267 434
616 474
243 1
742 40
220 362
6 424
510 294
866 242
486 379
59 366
575 476
303 165
479 205
478 328
399 217
149 166
503 117
640 99
118 234
139 190
949 497
614 459
292 481
554 278
212 465
996 139
941 151
304 420
208 282
748 107
351 249
625 355
367 117
954 337
704 93
528 5
590 494
816 234
975 370
364 40
335 212
679 128
363 336
48 71
470 148
530 322
750 7
677 469
125 131
306 329
76 186
186 18
681 2
605 8
725 469
548 412
682 80
41 45
268 89
969 238
590 351
912 340
359 89
161 336
572 467
17 0
654 203
371 187
205 476
695 430
945 96
343 127
176 236
25 296
177 346
534 267
549 299
459 408
388 120
96 313
440 465
665 446
668 36
133 226
12 328
508 310
776 203
289 304
939 314
100 117
12 487
236 62
786 196
822 26
668 419
839 460
384 357
906 405
893 39
983 258
220 491
568 496
695 357
301 134
524 253
751 36
740 340
450 26
36 273
53 56
544 244
517 280
101 275
685 347
815 168
605 387
512 25
735 207
382 36
193 258
142 445
147 382
285 97
761 173
870 166
81 266
410 450
47 364
726 84
211 393
105 168
280 117
693 15
176 75
404 369
686 398
666 333
780 303
430 393
328 153
59 410
771 322
712 318
686 438
255 249
683 212
417 463
681 110
331 357
537 87
578 223
985 245
408 117
548 191
363 377
196 422
639 467
596 351
138 282
790 393
883 325
457 300
789 138
762 472
347 300
911 425
875 248
170 136
717 71
827 80
948 23
855 439
990 451
290 128
734 432
873 469
258 182
622 399
820 384
223 167
36 134
93 264
734 115
900 451
686 227
532 486
750 239
925 92
190 216
573 276
0 446
246 258
481 368
9 301
252 232
821 141
366 266
905 452
881 305
904 420
532 288
906 134
527 184
726 217
752 299
346 252
98 92
363 79
812 372
232 64
605 53
57 323
671 462
776 405
119 32
825 151
820 83
637 199
619 364
768 371
15 114
124 465
706 487
396 18
211 129
935 168
34 492
492 206
307 120
963 426
652 288
430 472
223 67
523 343
783 291
214 151
406 190
616 112
529 13
983 241
994 418
261 28
262 253
86 69
373 49
348 25
189 278
849 265
197 372
608 333
664 174
484 70
217 452
534 246
817 17
839 311
787 101
192 50
206 278
971 432
680 319
309 369
449 159
634 147
883 94
332 399
121 168
969 338
620 356
436 290
373 128
953 161
81 145
563 139
776 34
571 456
854 381
677 155
392 164
654 275
258 486
175 231
154 496
421 127
352 210
917 78
838 370
239 271
368 302
910 144
688 334
952 42
715 129
550 107
293 204
734 404
191 261
635 345
758 57
824 462
267 93
540 457
964 131
80 184
285 342
828 474
176 280
868 243
761 418
702 55
623 437
959 166
698 94
863 308
3 188
271 270
781 163
79 97
295 159
781 80
502 461
906 30
93 127
274 355
545 476
910 20
765 369
686 316
815 50
976 319
238 247
441 371
411 21
469 58
32 250
990 386
564 397
917 157
24 43
512 421
871 422
794 489
643 480
805 459
382 281
278 472
381 219
344 144
592 165
202 125
767 44
863 331
793 132
989 169
675 1
91 399
276 237
888 419
717 193
378 452
826 8
424 59
80 268
703 172
933 257
649 201
802 13
384 447
997 373
117 173
227 60
924 3
797 312
774 366
857 5
318 183
513 243
595 93
863 298
618 149
908 267
202 62
132 86
9 482
960 126
507 39
686 431
394 335
243 168
702 100
673 20
135 39
115 230
132 479
381 102
128 289
722 330
351 206
916 212
688 228
839 195
767 377
626 161
713 369
682 415
321 355
787 309
246 403
539 231
882 272
833 362
913 55
44 264
762 312
329 450
541 168
998 160
397 124
174 110
846 356
877 19
563 17
328 310
920 220
541 154
492 374
516 406
930 412
22 44
224 351
846 265
871 344
426 269
821 452
731 167
808 461
186 371
978 367
181 398
87 222
52 79
97 420
985 379
832 8
775 56
711 473
174 83
818 452
852 491
904 435
10 212
896 48
83 374
415 117
772 2
339 176
82 288
448 419
167 280
779 294
689 491
268 363
426 438
167 130
429 71
565 291
783 462
339 218
688 255
835 313
609 27
989 43
315 290
463 335
422 94
129 111
437 249
326 363
187 345
493 468
916 411
759 51
225 451
622 413
558 457
726 167
984 68
211 152
210 26
487 132
972 116
96 410
718 274
273 405
620 119
226 36
882 337
940 107
788 62
372 198
371 451
866 356
519 429
8 81
807 347
713 279
815 161
189 33
936 315
791 56
286 17
444 168
706 384
627 347
298 499
545 170
450 263
26 321
544 386
402 351
585 468
131 400
629 172
934 65
487 225
473 273
94 418
293 300
654 420
999 453
920 45
623 370
660 1
692 205
739 446
556 324
914 39
724 44
712 10
109 51
87 435
325 181
205 470
334 359
891 333
164 311
230 139
533 243
140 77
448 231
24 356
555 438
396 132
482 460
994 444
11 82
879 188
263 436
659 449
295 50
635 312
713 365
951 246
460 444
824 408
675 348
265 83
786 13
567 121
473 61
917 336
643 296
525 259
232 184
208 379
86 343
43 299
61 495
45 21
439 369
430 114
69 47
49 208
412 116
829 237
178 246
73 321
894 98
80 478
134 141
709 220
484 253
19 45
748 417
419 39
286 201
5 208
248 55
916 12
671 245
249 201
843 174
375 89
625 307
567 259
448 128
332 285
381 203
182 481
120 101
20 259
802 26
467 402
433 235
414 456
832 15
658 175
690 385
116 315
192 183
426 141
663 258
278 45
814 460
526 434
62 399
45 216
277 12
971 210
599 385
518 431
753 176
106 295
561 74
110 106
257 388
747 421
999 377
318 313
837 196
99 251
95 145
468 224
9 439
786 109
176 305
40 281
833 499
76 395
73 38
853 183
427 452
956 426
329 274
591 166
822 190
418 270
187 238
994 197
29 133
158 57
438 50
839 271
401 415
18 475
806 371
510 233
823 466
11 152
92 454
671 266
996 441
536 184
31 383
733 60
16 391
969 454
793 308
77 195
76 96
22 382
319 32
467 495
350 478
647 294
432 170
60 280
111 449
964 142
832 197
554 348
940 24
654 86
332 231
281 260
179 303
642 499
835 461
994 37
939 493
331 223
664 243
504 127
692 320
270 376
870 324
724 162
348 230
248 33
462 29
793 493
832 288
492 19
249 338
556 41
184 239
616 200
983 472
327 27
645 449
904 15
774 480
677 474
711 426
859 25
807 5
518 140
145 363
11 246
201 420
287 237
159 256
937 494
80 117
522 225
566 278
240 192
758 270
519 469
548 378
994 355
735 365
995 380
228 359
627 281
279 266
519 438
522 308
285 455
425 159
680 344
937 273
36 195
895 55
517 443
286 363
798 21
728 146
254 308
505 381
90 284
147 461
574 22
769 359
329 47
18 361
891 307
986 427
355 381
835 372
676 473
87 475
494 168
973 248
476 330
981 418
966 481
879 40
855 149
752 184
196 122
545 439
430 32
366 285
765 53
9 442
26 448
269 21
616 242
621 445
72 455
363 38
436 243
930 143
244 34
827 440
157 224
879 439
608 97
76 374
151 85
816 177
533 85
50 2
679 24
947 103
979 162
493 267
905 423
410 149
810 89
941 319
313 172
258 274
122 334
648 273
771 316
802 156
901 205
158 432
229 457
35 60
120 28
679 377
303 441
879 113
30 320
432 195
345 42
969 467
376 469
92 147
785 246
804 38
451 314
970 180
124 357
592 244
885 271
973 41
712 352
654 94
25 439
142 370
481 111
189 210
81 133
357 218
879 13
257 331
180 79
363 304
937 308
900 322
579 373
715 144
726 370
90 103
161 232
825 142
344 14
852 277
999 62
995 378
427 104
209 107
184 425
911 121
233 311
295 164
685 11
808 263
733 399
218 394
483 43
536 327
409 241
956 408
303 304
286 230
908 348
690 92
773 101
565 358
413 361
522 450
224 183
565 457
934 283
851 417
178 239
597 87
832 53
347 487
209 133
570 118
833 260
562 458
861 128
316 126
341 191
428 65
874 345
522 160
480 225
577 158
464 174
597 297
80 444
784 289
930 354
759 115
966 174
74 328
802 242
806 495
933 235
412 159
932 286
319 413
11 397
423 327
423 21
476 355
317 113
145 99
319 256
715 286
930 141
466 84
883 272
579 169
859 343
328 292
629 0
557 140
897 480
820 172
353 296
528 171
909 25
622 229
633 337
867 64
478 333
648 362
605 80
883 317
275 211
961 405
211 18
897 460
498 217
485 204
14 13
875 275
390 497
856 23
187 223
939 165
408 88
379 14
520 262
183 147
826 144
52 37
662 450
850 12
667 335
716 33
700 443
661 90
793 17
465 332
593 405
997 1
345 229
367 217
343 50
364 21
46 417
911 208
719 261
573 238
96 141
772 148
937 285
238 230
302 55
62 395
460 411
897 305
492 116
22 188
167 387
709 213
156 120
274 375
733 199
965 181
192 237
329 129
522 419
211 177
975 273
424 435
37 173
593 381
290 115
69 309
354 279
22 10
751 148
737 485
199 203
666 392
792 496
521 167
267 233
196 242
358 120
678 247
294 271
629 84
238 198
393 93
829 267
455 433
768 45
418 467
248 436
711 392
784 233
59 52
318 255
294 176
228 324
424 22
947 405
458 186
103 203
131 285
322 438
218 90
483 488
410 83
424 121
476 61
706 387
613 376
495 259
405 223
584 181
597 383
586 55
421 41
258 404
326 80
843 396
23 178
884 285
762 309
258 90
222 465
477 335
341 324
94 246
47 30
279 144
914 365
51 187
907 161
592 233
594 435
130 117
465 366
754 227
27 12
169 249
329 499
84 23
323 31
121 223
561 401
719 327
266 271
867 173
432 459
759 378
246 241
347 211
607 101
291 135
114 460
884 443
459 321
818 135
852 440
858 265
341 77
945 107
700 312
133 485
623 392
863 369
485 211
932 92
312 223
79 278
36 464
574 347
637 392
334 341
332 192
606 173
122 403
633 322
715 266
307 338
10 23
559 495
734 492
587 46
67 167
825 455
983 399
655 472
791 489
813 124
534 419
149 156
323 282
830 390
548 490
81 58
13 140
53 247
484 493
145 404
12 322
711 347
721 366
319 365
708 484
341 242
903 490
250 78
625 432
321 173
922 402
84 287
394 489
386 231
834 32
487 346
854 198
545 428
917 216
793 125
700 486
219 456
976 469
534 453
901 207
127 176
609 63
463 356
404 202
587 239
734 74
437 88
624 483
868 41
551 161
166 252
147 385
208 476
206 94
781 460
302 408
988 263
823 303
971 228
5 410
467 239
336 404
680 461
239 48
502 291
562 21
395 61
758 455
889 465
49 171
777 203
931 265
319 255
568 290
983 74
201 302
665 37
58 345
850 150
246 353
793 308
374 188
869 484
143 111
801 44
782 78
248 213
343 67
820 264
209 155
190 410
957 355
300 368
553 150
18 299
855 311
959 81
351 180
66 346
291 367
390 73
446 490
139 141
557 459
757 119
115 447
881 424
803 181
792 208
684 162
507 39
325 466
473 176
646 39
522 290
758 265
363 56
255 2
50 165
814 307
284 429
755 17
353 410
51 498
618 235
660 477
626 486
943 451
14 441
990 389
231 101
506 447
657 261
801 207
278 115
867 414
896 122
432 102
884 483
100 2
218 112
331 196
450 274
648 465
567 490
706 151
91 212
450 101
325 251
160 104
219 27
518 115
1 450
69 385
785 169
739 3
634 70
552 84
696 52
901 116
894 459
767 486
171 69
439 349
820 99
453 39
979 323
507 480
626 76
866 411
98 457
767 232
28 319
168 76
223 70
692 117
29 311
455 53
380 394
402 53
846 207
944 325
530 451
805 8
380 23
920 478
333 187
562 361
358 230
789 81
152 334
50 34
645 6
87 378
752 341
283 450
48 227
775 430
31 433
439 411
308 359
241 141
398 155
354 256
885 144
689 390
978 239
924 475
597 11
705 202
204 488
652 252
216 280
534 247
65 473
10 373
684 103
15 434
758 369
190 495
865 231
385 195
323 309
171 420
672 228
974 376
217 127
480 285
759 367
384 324
692 394
197 377
997 64
811 107
286 354
102 151
585 340
347 408
501 370
181 174
450 155
402 167
134 235
452 393
602 336
69 294
582 119
23 431
535 187
38 321
541 493
325 478
333 24
739 334
894 420
360 196
427 115
364 62
350 168
807 304
357 229
950 291
848 474
223 383
161 113
557 54
106 382
532 291
906 271
978 152
543 190
848 471
805 64
885 7
733 192
163 442
921 114
733 121
88 456
857 101
922 414
655 380
296 39
172 202
163 150
706 206
192 54
29 498
119 414
857 204
607 21
998 380
135 231
354 75
40 211
528 462
977 183
342 273
74 366
827 237
368 33
296 61
439 325
911 410
240 268
466 199
141 464
79 128
196 285
203 88
996 231
902 473
266 96
598 193
463 277
930 183
310 78
744 102
904 7
12 496
776 331
695 269
295 126
898 343
912 101
783 260
185 185
586 303
282 184
496 97
962 427
280 124
357 377
78 261
384 443
757 160
274 304
782 69
931 180
765 343
781 48
455 318
234 41
122 368
226 118
965 40
397 97
516 255
974 95
368 359
38 478
871 312
282 153
233 213
333 498
408 467
899 364
137 485
905 259
353 483
230 170
23 479
267 40
86 94
487 455
953 25
285 176
837 67
830 422
133 15
421 41
982 172
757 472
157 163
731 362
498 313
532 22
293 151
414 231
97 401
186 402
778 471
579 115
391 261
389 24
276 162
65 111
834 323
83 491
838 166
205 336
480 89
210 125
241 476
856 190
229 395
93 7
218 172
974 109
433 364
485 209
526 403
672 213
78 255
56 416
274 262
604 106
351 167
231 444
143 439
635 225
186 228
84 405
752 59
366 185
775 352
246 153
755 419
366 185
26 423
101 300
685 57
406 36
224 489
333 220
781 468
797 319
48 381
724 300
292 443
337 67
647 83
73 254
854 439
939 233
862 392
533 399
801 292
288 26
633 121
98 414
941 247
86 489
128 310
141 273
605 478
840 104
413 413
358 120
705 149
853 419
41 238
819 343
30 107
221 16
728 171
782 21
918 368
10 46
31 3
819 136
981 12
241 246
277 451
366 334
601 71
254 494
310 73
189 192
532 410
708 112
81 491
633 351
359 495
750 390
498 421
379 331
933 472
929 63
923 148
897 376
219 3
871 29
576 60
222 108
823 430
72 256
773 205
608 133
700 358
875 50
279 254
733 65
226 163
480 2
311 229
378 30
233 101
60 161
14 134
270 189
916 194
445 190
400 405
175 452
115 50
3 395
657 236
312 235
751 292
737 62
873 468
593 106
421 5
268 435
991 390
976 407
584 422
949 484
827 124
789 443
527 144
690 184
232 354
419 484
498 9
46 371
329 491
478 250
348 98
538 191
988 14
951 424
288 400
261 468
377 50
763 404
194 305
440 426
159 211
762 157
72 309
380 401
152 210
504 353
308 394
544 148
260 495
573 49
396 334
369 125
236 132
381 430
937 321
208 448
32 471
457 457
132 337
858 136
48 214
489 208
460 34
709 221
881 134
622 129
468 491
754 56
475 135
486 412
956 46
212 341
369 169
798 353
506 8
490 406
75 331
967 35
365 176
256 99
310 230
228 130
221 483
186 196
118 24
460 427
422 172
120 292
341 270
645 200
630 487
458 205
819 425
593 36
453 349
135 115
80 364
245 153
699 283
702 169
807 14
596 230
187 68
374 380
338 371
432 321
859 391
378 178
668 471
566 122
173 202
237 253
418 335
258 117
618 312
286 278
827 235
360 366
303 234
246 494
105 31
667 464
922 45
994 442
17 61
64 190
615 154
795 33
489 53
502 459
718 140
237 45
375 97
911 31
683 9
25 289
540 192
105 314
737 452
757 106
365 173
296 480
827 91
365 168
497 219
128 215
359 217
112 235
667 23
766 350
884 143
139 277
187 245
591 276
49 200
383 414
874 179
746 53
123 111
722 472
682 202
539 41
271 151
128 438
26 394
289 410
389 280
687 76
377 131
853 426
331 88
840 57
619 86
611 242
49 185
714 231
239 105
773 10
256 253
801 282
500 90
193 389
870 232
818 248
863 23
674 195
611 367
104 230
453 215
325 3
752 391
586 343
997 211
854 253
965 155
536 465
97 81
354 467
313 24
567 177
547 94
724 10
461 328
741 266
896 66
769 0
809 208
344 306
419 50
60 384
205 448
849 154
381 56
973 46
80 41
575 480
487 299
490 448
480 83
214 228
649 336
728 311
44 72
617 315
622 29
200 179
329 401
833 210
309 307
109 390
700 184
722 187
984 212
135 316
796 201
544 297
389 272
608 433
697 78
249 171
607 301
851 289
202 36
351 12
843 460
254 395
145 328
82 481
540 69
297 188
271 193
838 160
465 446
446 14
376 47
186 484
848 37
625 402
73 476
266 269
789 372
164 434
200 99
767 241
168 416
781 291
609 119
804 426
418 102
941 294
649 127
130 349
516 255
251 441
84 370
562 373
742 79
807 443
678 74
36 198
342 317
342 451
437 498
377 355
452 318
649 101
797 280
302 165
887 405
959 471
775 21
844 18
600 3
813 130
929 349
181 271
666 375
222 455
373 100
662 325
270 164
278 420
796 80
85 183
837 44
655 113
918 351
483 370
855 296
501 284
497 34
408 163
909 130
971 134
582 133
811 205
297 441
625 93
373 62
129 210
459 136
823 229
987 158
599 194
306 452
979 303
486 387
967 247
369 290
381 304
923 44
509 73
985 486
18 358
900 147
569 211
283 244
440 123
755 40
817 61
844 148
865 331
887 184
78 257
474 312
561 249
708 422
322 194
908 193
52 308
840 473
520 476
70 312
451 325
352 268
886 197
417 103
880 156
287 310
265 261
474 326
511 183
600 185
229 8
878 281
669 71
607 41
899 29
853 350
854 58
618 92
107 387
196 339
44 483
649 161
597 476
488 460
659 440
645 388
301 376
521 470
947 480
863 198
509 216
548 215
626 18
160 233
258 356
72 154
191 74
315 140
550 155
600 61
596 246
449 397
474 322
219 421
803 82
971 164
798 19
380 277
389 40
510 147
248 435
301 291
9 469
932 411
124 384
472 72
130 273
969 104
595 188
377 250
622 200
767 421
219 499
198 461
391 60
608 139
347 262
782 356
583 66
619 207
951 91
780 433
364 101
390 312
642 119
414 264
820 181
37 391
680 87
352 423
648 313
414 495
575 197
704 158
615 323
217 66
767 349
352 131
451 242
795 93
861 62
357 33
743 247
425 276
334 129
199 482
442 466
330 369
163 386
879 130
61 97
697 328
446 401
312 249
143 459
694 356
21 404
390 265
151 167
893 485
296 444
820 239
410 2
108 425
888 340
56 449
437 105
130 235
506 442
837 1
901 31
357 423
935 99
40 86
618 285
924 415
81 244
6 344
246 466
769 134
806 177
435 95
634 417
183 492
711 20
493 465
903 203
240 339
654 280
277 273
917 201
540 498
945 46
842 43
12 464
29 171
493 317
766 128
734 449
972 446
321 466
411 225
21 151
416 175
283 45
948 200
599 488
550 396
386 245
440 399
61 469
922 54
286 188
34 373
990 7
819 311
825 82
888 346
233 156
873 368
702 174
420 301
14 322
197 401
67 489
152 480
811 74
35 97
114 421
822 104
780 141
768 457
575 156
803 308
313 29
28 367
203 448
668 217
771 217
970 190
559 474
671 370
548 58
819 163
831 142
119 112
635 387
569 211
896 225
371 209
754 400
576 309
200 96
878 323
165 349
866 76
675 37
446 224
947 266
239 278
260 210
742 395
598 164
106 494
389 330
55 495
230 483
156 282
931 34
106 448
235 472
525 411
861 471
487 160
589 78
290 201
788 385
97 238
49 55
584 290
737 491
637 319
974 293
102 257
179 60
706 415
884 83
678 97
906 17
257 348
595 399
49 235
284 498
474 333
54 410
123 143
402 260
463 228
905 65
338 85
125 396
500 361
979 30
458 385
47 67
733 494
966 283
729 251
281 55
584 187
966 60
831 220
172 146
800 78
211 138
515 188
534 367
401 13
897 359
751 296
926 484
290 392
619 19
495 253
927 432
292 393
492 475
965 16
121 265
446 184
904 461
724 290
328 125
656 77
984 407
873 262
243 15
507 363
535 2
468 462
434 260
707 426
236 24
295 209
789 93
394 45
407 118
836 235
596 492
665 432
251 390
195 494
406 202
357 293
704 177
107 139
938 314
417 26
190 64
587 479
158 481
377 65
452 65
652 400
57 317
332 160
560 27
154 466
581 364
259 286
41 366
777 331
532 46
857 222
611 445
53 269
778 282
686 82
347 338
982 256
8 315
416 68
194 71
886 276
435 497
414 328
863 43
160 247
89 369
821 200
166 374
821 297
657 7
879 356
198 214
113 58
529 29
478 75
452 364
851 239
861 117
68 76
160 228
175 250
949 496
302 116
222 124
413 231
983 144
588 33
858 201
91 239
582 421
815 35
285 18
274 498
636 194
926 296
274 101
398 224
97 201
692 172
177 457
903 160
101 491
694 312
544 137
51 127
59 366
514 196
237 140
547 373
835 473
21 109
927 272
685 376
473 377
48 2
834 452
162 288
795 208
600 340
346 3
819 257
222 333
453 459
825 352
684 160
826 57
122 105
829 307
481 154
185 382
656 371
186 171
659 481
379 111
321 77
615 492
186 189
177 492
648 3
344 184
15 170
741 137
627 71
945 461
577 482
343 234
853 29
757 365
862 488
476 36
566 443
28 104
632 206
96 132
209 441
316 224
963 410
714 91
981 159
52 410
141 247
496 346
628 253
211 490
742 188
26 160
483 55
764 468
613 361
100 174
654 269
750 117
179 464
560 12
123 464
422 116
711 419
963 339
172 26
182 266
566 208
926 50
615 191
518 228
904 118
402 58
739 153
175 418
617 88
782 93
52 205
61 264
476 376
455 0
903 137
267 469
846 193
871 313
236 389
42 140
360 296
50 99
301 78
370 419
666 152
364 218
709 277
482 185
154 290
186 409
927 453
230 125
998 102
939 235
491 333
375 203
129 278
655 431
356 25
702 22
529 418
740 239
195 75
424 201
865 110
110 144
415 341
622 414
795 413
649 138
246 376
842 227
154 497
510 10
874 64
884 403
334 125
642 382
552 419
583 269
381 46
913 297
739 387
563 34
800 212
172 398
940 366
478 447
215 488
309 89
905 194
845 239
819 487
121 371
906 57
492 288
455 405
437 194
645 0
80 297
564 104
196 4
323 174
951 38
14 113
628 271
807 473
511 126
312 484
349 71
41 341
211 496
598 148
42 95
0 474
393 64
79 89
420 254
615 224
292 481
337 420
253 144
745 116
122 410
100 323
981 494
16 192
342 114
192 237
210 192
211 455
756 142
896 176
396 11
900 189
844 89
961 449
733 59
565 355
469 18
678 302
864 194
994 58
661 186
295 223
730 359
178 338
853 74
14 102
937 267
643 133
208 104
583 442
15 0
149 336
870 180
638 234
226 132
645 387
170 292
462 252
151 492
90 5
418 457
607 207
76 102
841 284
206 276
226 74
276 228
410 499
908 401
233 134
33 230
374 56
523 188
160 174
533 251
31 451
708 490
11 136
592 204
420 151
980 499
77 108
727 339
107 487
240 193
473 126
923 199
182 446
388 194
473 421
945 356
224 5
199 87
141 143
791 62
294 271
913 223
380 492
563 487
979 303
532 452
429 456
652 463
254 392
658 227
665 455
936 241
961 135
829 454
278 120
368 425
392 281
648 124
273 63
963 104
367 496
409 148
952 61
112 58
805 122
286 470
429 74
711 242
709 40
197 339
513 417
264 257
199 265
381 324
828 344
781 47
192 190
696 496
251 160
55 408
634 193
230 63
267 441
806 476
834 355
667 199
272 432
956 323
549 337
0 229
33 281
277 78
971 325
74 74
837 129
982 471
174 212
886 441
505 44
769 191
399 437
390 24
721 346
847 270
35 199
351 69
980 128
647 451
305 73
877 142
555 359
965 229
423 204
523 281
248 292
972 0
81 215
24 154
61 223
776 97
423 128
518 255
108 17
707 414
590 436
908 497
148 226
227 71
430 102
204 30
746 177
30 328
892 406
334 305
982 111
754 257
239 272
512 347
141 71
113 84
508 22
581 156
600 160
579 30
262 284
412 9
313 295
189 205
553 23
862 35
634 117
292 225
241 157
925 235
728 38
819 236
412 252
892 364
913 472
394 27
608 159
888 421
954 77
126 7
953 340
395 87
957 39
165 51
196 90
286 425
480 457
513 393
209 258
257 474
230 4
2 338
515 242
759 469
320 237
328 273
929 75
212 239
467 229
790 163
819 428
940 300
885 306
545 446
564 154
921 294
510 275
984 25
517 95
846 189
684 27
814 113
602 379
852 421
108 494
85 428
422 377
580 159
183 477
106 247
631 27
893 142
654 229
519 23
676 366
713 360
245 379
326 199
258 178
621 219
525 58
999 447
435 79
607 471
408 65
70 39
92 464
533 98
545 405
621 222
123 186
582 368
566 260
567 176
439 40
895 464
598 394
263 386
825 222
357 85
287 427
625 231
743 10
829 289
915 303
511 38
489 445
758 407
706 326
584 497
218 331
813 317
78 76
203 255
651 60
841 438
339 318
22 83
680 351
724 96
6 235
986 348
32 245
255 238
423 191
235 141
23 400
810 453
477 13
60 480
925 401
418 265
71 440
700 252
644 424
700 2
11 186
850 43
783 106
782 58
297 369
552 172
770 362
477 99
728 38
79 153
791 349
270 363
642 470
967 138
746 167
640 257
353 491
801 489
597 435
399 246
656 451
271 278
666 100
377 394
638 308
47 282
10 318
645 4
640 112
642 387
279 282
144 484
125 297
825 74
232 225
321 241
176 444
19 342
44 249
236 35
909 136
817 271
306 462
275 446
426 417
685 57
552 182
393 29
479 219
104 64
796 277
657 472
721 176
167 265
425 255
152 187
743 469
958 49
783 234
348 61
503 33
618 407
215 364
437 47
935 41
463 231
318 120
55 39
148 74
156 74
330 309
613 73
630 71
475 414
805 323
975 161
856 446
68 424
310 5
823 245
46 138
328 364
758 383
755 406
958 264
832 140
925 445
713 55
369 188
969 26
363 297
187 220
243 256
996 405
761 171
150 160
809 330
876 419
213 132
177 23
248 362
163 25
159 229
80 28
769 402
407 133
51 94
705 294
850 53
199 464
224 201
124 385
531 352
656 96
336 333
620 84
547 135
109 207
364 42
587 134
296 494
267 347
941 472
993 143
25 192
107 101
245 83
986 276
936 494
224 272
827 344
209 227
980 170
786 196
212 373
830 8
720 449
207 161
773 200
804 150
744 264
103 489
847 441
117 135
435 342
760 115
538 469
342 18
639 128
567 204
853 249
64 73
199 272
586 324
472 243
475 217
7 78
558 206
20 176
694 307
18 454
422 56
423 264
427 414
892 494
618 98
743 183
23 294
307 110
619 279
705 446
348 64
376 407
270 248
583 316
556 453
770 478
509 45
743 288
312 487
282 430
437 378
965 461
672 272
423 143
404 128
89 104
192 466
11 314
214 446
131 270
899 401
101 261
799 196
49 111
183 184
393 473
62 359
434 86
983 357
730 239
985 319
844 177
637 207
991 352
154 474
974 405
376 75
518 27
271 68
638 307
604 31
780 166
742 66
104 226
423 334
817 260
6 161
289 495
869 132
847 375
107 174
780 335
601 299
362 373
219 0
32 323
383 164
841 126
730 445
204 5
132 21
265 490
683 54
485 404
538 185
279 145
211 411
480 312
62 342
37 133
842 69
808 78
585 149
704 167
947 260
172 431
281 289
273 316
695 258
572 234
795 203
879 6
967 212
819 29
554 356
15 249
278 323
327 215
825 383
883 124
643 55
907 424
845 180
593 40
290 165
126 86
369 6
444 336
718 263
717 124
472 84
725 102
908 52
317 85
787 52
209 430
608 116
707 305
648 152
697 438
817 324
376 38
182 321
226 400
436 444
876 408
380 102
362 288
6 32
725 294
584 434
576 44
402 135
349 50
287 47
341 105
223 217
995 405
538 222
657 475
518 33
235 398
487 450
539 346
982 264
992 418
551 68
463 453
204 312
356 343
211 197
300 434
414 296
191 305
518 348
280 388
734 367
638 221
817 177
67 151
794 59
70 345
980 33
650 184
697 358
379 261
55 180
47 322
976 239
479 346
87 111
586 321
978 224
395 148
402 462
299 196
874 369
893 354
254 43
390 452
254 269
213 309
449 260
483 425
851 462
623 439
73 209
112 404
434 7
552 188
322 203
736 196
925 481
50 179
876 440
483 130
561 48
792 11
309 275
788 160
590 412
451 15
973 64
419 259
423 323
947 245
879 35
293 304
16 343
335 393
135 319
23 197
867 315
60 28
443 348
41 33
612 344
48 438
760 320
697 184
495 497
281 374
32 75
530 49
270 366
294 406
37 317
455 256
133 15
137 428
715 178
961 328
22 361
266 283
533 315
319 381
312 100
107 345
527 138
746 298
856 40
556 393
357 11
501 342
878 138
770 93
816 83
273 191
797 39
326 330
207 145
63 19
597 171
864 125
809 462
275 17
2 331
262 212
842 263
906 72
402 29
665 70
464 439
113 261
830 439
944 37
84 7
909 34
178 273
159 339
88 434
356 90
617 118
154 311
734 61
883 136
442 48
58 406
839 172
168 170
611 464
59 48
471 468
82 2
94 93
341 182
379 50
624 496
20 279
807 254
192 190
242 134
590 301
540 430
825 60
452 288
524 363
836 348
832 270
350 426
215 43
460 94
93 84
942 466
215 101
220 259
143 463
745 234
764 286
516 441
346 320
729 223
183 66
571 367
188 421
293 256
316 105
350 262
542 145
228 109
746 448
869 390
263 114
976 379
252 344
320 451
164 50
174 199
968 97
67 156
18 212
264 186
818 115
448 360
612 176
821 358
477 190
600 240
657 76
472 261
420 292
212 436
842 238
636 162
835 203
671 205
415 435
892 85
902 340
297 14
369 119
225 346
161 325
938 170
754 410
432 174
555 496
463 249
735 99
912 70
154 83
776 421
518 20
507 421
360 156
287 229
275 12
927 289
690 218
959 444
980 243
618 35
740 433
285 475
532 49
397 186
132 25
960 2
545 467
775 258
623 415
339 251
927 267
40 117
837 351
413 317
95 32
705 335
817 490
662 350
539 59
388 23
937 348
377 482
167 153
92 143
568 432
394 347
51 286
817 388
489 230
57 84
614 262
771 432
752 433
134 143
493 22
18 282
223 396
264 390
901 209
533 321
141 279
20 192
417 337
432 407
420 489
491 34
252 263
466 356
48 100
352 393
475 370
675 198
118 292
440 371
1 474
544 494
605 65
686 23
754 470
282 174
959 273
561 63
388 379
920 289
332 124
682 307
346 358
857 465
2 297
188 3
271 233
497 229
650 35
252 404
357 34
931 316
659 492
232 400
871 4
189 203
128 223
362 474
933 219
291 435
517 480
290 288
565 139
369 67
26 121
323 383
507 254
52 19
746 284
271 470
788 312
173 416
35 36
742 469
107 34
256 124
514 47
765 431
686 134
998 65
756 321
448 115
928 0
134 26
136 257
996 424
569 22
192 105
410 435
926 17
969 182
142 335
729 407
266 268
41 116
833 149
289 281
117 217
134 251
244 270
361 240
547 430
114 239
535 24
674 461
42 495
644 36
830 225
795 448
845 336
416 178
338 206
312 455
923 446
58 167
68 419
760 115
350 374
707 237
399 381
699 293
729 195
329 411
420 124
712 118
312 128
296 150
834 460
105 110
758 16
277 327
935 37
794 285
912 1
523 163
235 74
456 464
269 137
227 41
613 439
659 425
68 308
928 254
268 385
364 27
901 494
206 337
31 0
474 295
502 349
958 237
923 414
53 44
903 280
938 16
220 97
794 140
257 74
246 378
459 463
905 213
957 463
902 340
463 376
636 317
78 94
406 1
361 459
546 264
92 484
781 164
433 427
656 43
1 402
921 460
217 178
525 174
641 427
515 456
156 151
126 234
97 32
235 458
344 133
723 288
969 356
452 255
783 108
798 284
362 219
596 80
897 122
754 390
549 121
346 57
124 472
291 222
357 379
680 201
364 403
489 334
259 293
441 394
753 239
178 115
958 275
47 207
897 154
97 298
775 295
856 400
268 499
122 125
378 154
678 243
910 19
429 21
812 370
916 65
461 94
32 419
221 80
978 118
234 75
269 361
870 125
613 490
976 87
467 355
242 497
450 4
16 231
25 180
101 441
97 62
388 130
333 109
562 163
80 148
90 349
861 312
826 475
803 302
562 122
509 156
120 311
660 488
542 38
669 495
331 266
909 219
248 94
681 162
257 113
310 347
814 172
660 140
999 315
794 413
437 156
422 57
967 434
398 10
472 67
505 304
185 415
875 286
9 408
948 119
21 111
966 335
135 478
827 134
793 474
47 231
630 321
140 97
256 38
459 228
957 465
884 495
732 112
281 93
372 81
712 246
192 179
581 327
657 261
813 303
87 213
386 217
34 378
666 290
769 126
371 226
443 255
221 175
719 354
268 92
436 481
838 480
12 271
660 21
884 473
824 471
38 210
688 73
89 207
715 358
833 86
936 276
694 10
803 413
364 71
857 152
404 195
485 416
819 145
438 203
970 114
27 9
825 67
82 266
774 297
476 107
236 412
235 430
274 38
695 139
462 53
143 366
600 128
635 419
125 425
475 96
39 354
105 216
921 39
834 196
336 310
655 424
75 391
854 349
281 50
340 243
455 484
610 55
464 97
827 90
22 154
686 61
508 143
630 429
682 464
477 370
775 133
295 202
376 1
551 9
51 392
753 358
728 215
266 44
312 93
486 334
99 24
747 107
667 377
388 201
194 218
72 321
351 367
523 79
220 426
88 124
670 193
482 250
908 248
295 220
193 133
906 292
658 6
251 177
735 492
379 429
210 451
250 413
170 125
992 390
552 432
366 222
626 349
973 386
597 120
459 291
753 365
435 263
723 187
441 459
679 172
388 241
975 491
154 497
116 498
239 20
930 106
595 408
455 68
795 404
540 254
547 145
619 483
409 195
22 202
154 53
726 394
294 201
237 448
198 206
946 437
726 228
43 321
137 350
241 432
255 281
186 302
779 157
137 188
852 159
742 358
564 468
253 210
169 490
10 219
196 308
156 275
537 52
596 174
402 190
958 157
971 496
812 250
653 449
290 358
461 384
216 25
852 321
236 373
312 246
92 360
555 249
135 444
153 84
470 55
274 280
213 97
276 25
700 281
974 490
139 287
727 208
165 79
529 401
953 193
999 397
54 406
998 41
702 151
625 172
707 251
952 420
849 80
297 49
862 123
891 353
411 118
61 76
550 443
329 355
136 180
252 42
939 251
84 141
754 61
166 461
313 470
733 14
51 30
63 413
6 306
266 417
277 180
345 327
623 174
682 259
354 286
302 145
889 238
287 144
151 305
457 464
275 43
330 178
573 245
943 431
52 210
348 181
242 193
508 365
719 42
976 426
828 130
71 218
368 210
714 20
515 171
336 143
714 19
821 140
764 265
571 168
327 272
849 69
317 357
786 37
899 262
815 80
393 386
150 113
949 364
985 316
387 174
959 454
693 133
94 309
250 17
978 429
641 327
850 311
537 136
700 288
750 15
868 495
753 18
609 202
234 446
519 122
620 330
76 165
315 22
475 65
891 453
846 385
632 196
196 169
684 396
958 287
763 326
282 16
197 243
571 431
190 442
405 162
624 481
828 440
355 303
857 247
108 204
484 240
752 180
910 289
928 368
576 43
46 358
911 243
102 482
27 144
276 432
806 401
266 134
841 121
289 50
220 397
106 204
490 359
736 400
0 16
620 76
411 18
786 323
614 240
157 141
884 434
425 191
687 191
677 380
313 319
930 385
716 37
942 58
248 30
310 248
47 282
176 458
301 314
133 415
555 291
908 291
77 185
482 264
377 12
644 42
831 74
927 399
963 221
458 63
252 268
163 151
51 339
461 204
6 95
971 61
238 231
352 315
916 187
79 293
51 75
687 382
1 115
133 465
188 91
528 440
712 44
91 115
383 53
819 241
500 142
302 238
373 7
53 289
546 484
935 97
559 122
831 60
589 464
877 278
908 258
218 120
802 162
87 37
215 258
279 67
400 433
805 273
940 358
414 338
694 349
787 253
324 470
165 413
287 43
691 195
801 262
167 455
924 254
492 491
864 271
558 264
705 363
389 497
573 303
188 267
505 327
872 329
298 37
94 85
432 286
132 85
400 299
540 176
905 385
167 121
156 77
385 213
792 126
563 217
281 103
984 286
430 208
967 228
245 62
665 30
200 297
615 100
448 8
276 205
893 295
826 401
224 63
615 368
689 30
85 471
633 421
109 63
629 77
144 226
491 309
256 43
959 224
995 259
732 123
465 477
770 143
378 494
207 345
714 396
875 299
867 360
572 329
924 53
758 420
131 249
229 240
644 40
964 139
300 48
262 117
25 32
760 255
378 467
101 92
864 476
243 83
837 315
412 113
368 170
533 351
771 114
591 415
655 407
406 307
955 168
424 332
52 184
88 430
504 189
874 220
517 117
803 354
932 68
819 152
90 352
504 214
819 447
981 326
355 388
133 310
408 409
995 461
93 83
243 449
624 118
669 141
235 473
848 20
393 167
524 335
372 380
49 191
828 31
17 183
771 2
845 179
411 340
992 356
275 236
806 399
706 475
41 293
300 241
813 45
908 190
881 280
70 430
471 250
313 340
785 84
342 483
616 105
175 108
962 451
196 268
702 402
595 95
196 396
336 361
941 245
51 174
877 474
105 201
76 270
893 362
207 236
845 175
341 20
783 155
823 332
423 26
586 371
621 282
267 310
496 60
555 399
735 284
725 192
837 302
314 231
664 21
967 361
696 160
881 332
316 205
164 91
583 250
462 204
885 81
514 233
642 421
984 229
558 210
921 395
512 235
126 28
109 93
741 157
106 122
989 422
679 5
865 262
608 328
819 345
409 333
930 403
107 414
132 165
976 405
60 340
993 187
720 454
632 461
611 238
84 453
512 115
810 378
378 270
58 197
967 319
882 397
223 489
164 207
654 140
465 215
981 310
254 201
264 386
515 227
977 99
532 489
714 343
219 444
465 277
641 433
97 376
682 172
865 346
731 372
339 196
587 172
358 193
725 122
79 240
202 56
191 234
898 406
429 117
702 395
395 196
680 344
572 362
516 437
561 247
309 400
796 248
572 154
441 149
129 373
890 331
281 81
417 179
339 347
649 42
94 44
90 126
240 162
488 256
451 49
355 261
301 3
361 225
658 155
875 139
380 265
822 161
198 239
193 38
438 342
932 384
238 22
10 478
684 351
586 135
252 441
248 54
445 462
131 455
117 6
946 497
123 268
510 322
359 203
212 298
897 144
34 487
518 397
965 54
248 403
41 0
197 142
406 494
604 38
449 221
896 395
570 20
515 80
694 374
136 258
24 385
754 59
873 272
456 190
826 56
94 219
556 291
861 315
285 465
205 86
538 101
481 460
473 348
893 19
222 381
777 247
766 31
306 139
155 114
830 333
170 424
553 78
567 414
393 352
232 98
938 122
52 271
583 377
119 328
397 341
209 26
940 475
58 98
967 213
712 297
547 234
73 452
313 140
866 58
492 450
657 282
925 61
553 8
938 24
688 187
365 397
214 158
224 124
256 191
837 469
340 236
203 413
188 368
405 407
927 397
209 436
31 134
997 84
994 287
960 182
327 178
579 41
336 156
165 92
347 354
913 188
91 469
101 131
337 359
38 264
756 100
200 140
734 49
724 229
837 37
411 164
715 343
57 51
499 222
643 198
928 409
886 19
378 340
3 215
199 393
980 307
993 32
447 228
82 24
457 271
561 220
787 276
915 344
679 266
418 174
965 346
583 351
718 461
543 221
677 242
114 9
50 460
893 349
188 475
373 497
598 286
569 385
914 485
229 93
251 499
268 216
346 351
420 416
813 463
489 342
58 103
203 460
415 96
309 103
424 35
952 22
321 22
408 236
359 489
181 462
341 449
531 187
301 451
455 466
266 444
660 324
899 363
784 315
311 446
918 235
481 223
110 154
745 370
742 456
859 424
418 200
373 449
239 26
252 194
844 371
638 4
195 38
719 332
205 31
778 123
766 111
698 228
117 295
98 360
251 310
136 22
862 361
323 102
888 428
148 232
799 139
589 346
29 308
678 234
339 308
709 458
771 408
38 389
203 137
101 307
447 237
829 309
98 152
763 486
80 264
71 231
403 12
578 432
320 108
666 12
769 227
822 40
135 360
429 191
349 30
498 296
119 327
458 218
831 221
556 264
485 479
495 240
991 425
672 164
34 190
676 303
418 350
343 405
62 125
596 412
7 446
208 127
125 166
697 309
240 253
573 77
233 420
318 224
846 490
888 232
33 416
35 303
766 230
60 329
207 9
593 67
455 301
46 433
820 243
242 412
996 315
489 81
587 307
158 433
150 46
17 35
315 404
338 433
135 250
614 194
759 207
261 215
361 159
148 33
402 390
945 251
557 286
332 144
946 490
930 448
889 299
983 204
704 173
989 191
423 104
885 183
811 499
750 172
158 398
705 413
640 2
664 49
789 348
45 87
839 327
535 80
627 18
636 331
191 125
522 466
229 259
149 41
258 399
565 269
149 123
682 141
625 346
42 266
694 88
205 385
415 240
317 394
610 453
77 153
931 451
120 160
711 121
553 321
521 471
90 22
94 272
516 71
470 58
190 165
646 395
402 414
488 72
160 98
25 238
252 308
189 224
469 400
345 374
222 218
845 164
241 291
437 257
363 407
667 405
424 314
300 179
80 288
251 240
239 128
830 491
937 20
215 258
272 60
132 346
131 330
511 372
973 448
481 188
207 148
593 484
814 246
163 394
386 414
487 125
394 317
468 331
689 183
89 462
596 74
160 227
256 171
451 229
971 284
918 31
432 11
515 99
109 178
493 496
444 332
121 338
650 90
522 191
625 111
653 73
537 314
652 293
837 455
23 309
739 441
340 24
804 207
123 414
237 468
762 181
301 383
871 303
825 393
994 303
357 0
728 394
814 233
688 3
188 63
812 280
356 4
804 160
711 279
426 300
247 40
981 48
776 205
203 101
950 198
756 307
198 337
202 364
570 242
367 110
305 32
390 161
36 46
173 100
825 452
400 73
492 234
973 268
291 177
222 241
727 330
549 425
167 103
641 237
697 8
200 354
540 90
367 429
489 40
381 314
844 281
739 337
867 65
957 158
594 179
752 321
510 153
598 177
108 239
767 305
599 467
159 140
909 26
421 398
418 302
65 263
935 304
952 303
869 409
313 463
441 65
136 451
718 234
980 326
325 99
983 425
418 142
417 328
20 338
78 291
640 143
54 75
300 6
730 21
267 44
337 208
461 473
659 180
560 492
358 385
443 342
162 362
836 79
542 209
417 120
0 409
116 406
985 268
764 67
641 31
111 478
740 73
804 251
105 216
743 315
953 187
509 116
401 198
47 443
907 317
915 259
226 383
665 63
503 429
631 145
460 94
475 52
19 131
304 476
347 399
292 301
938 153
769 339
851 316
634 110
985 402
369 64
285 386
479 289
815 110
286 128
557 261
180 428
745 336
405 92
236 197
745 174
850 14
866 54
683 0
164 20
402 34
584 40
920 64
181 88
526 467
716 435
580 248
364 325
85 269
770 173
818 15
847 20
382 65
74 417
566 239
437 320
125 374
360 397
438 393
485 316
712 53
752 145
802 116
970 239
885 92
912 203
960 111
75 194
177 150
111 95
741 400
415 366
274 128
263 64
373 101
381 86
654 133
731 308
249 53
399 486
146 163
541 458
775 116
152 304
118 115
751 359
515 18
77 142
998 193
558 372
794 439
458 300
424 189
609 25
242 360
511 240
24 52
198 151
21 350
455 139
965 58
999 333
76 428
327 75
121 385
447 267
177 405
68 101
446 177
979 188
37 490
781 413
895 479
564 416
682 371
55 499
929 406
184 6
187 11
433 308
749 232
576 278
489 144
231 435
673 210
975 62
701 256
476 448
88 392
864 270
764 271
121 45
30 306
403 217
169 336
525 418
68 453
196 409
449 428
844 474
638 320
889 191
928 365
639 368
109 355
138 373
127 112
271 157
918 174
374 87
863 251
6 431
57 54
193 6
982 37
981 473
209 222
16 490
587 156
858 48
511 349
274 138
961 45
147 379
219 21
966 82
125 324
366 182
231 59
40 65
948 373
538 158
595 55
0 182
563 358
583 426
207 357
417 168
402 64
399 473
438 366
408 63
42 274
97 273
685 137
839 133
511 229
143 106
636 143
641 51
2 224
978 61
433 395
730 187
311 129
160 249
847 68
664 242
694 113
867 379
251 206
365 262
788 8
220 276
4 361
328 358
437 158
919 370
405 1
57 216
483 70
818 182
138 482
924 185
596 292
564 199
850 281
313 490
142 33
767 146
747 447
856 184
105 275
55 10
129 464
578 112
34 396
294 25
231 219
710 327
363 126
378 213
908 191
204 402
224 323
548 471
770 404
508 227
531 415
89 160
379 167
624 266
64 419
291 295
490 353
474 353
979 352
418 239
895 474
641 119
297 41
443 419
297 451
998 329
866 87
841 97
107 318
363 171
737 6
818 79
359 144
784 339
848 54
578 243
529 72
862 178
113 157
598 411
608 448
592 326
36 433
424 143
251 139
666 340
146 336
271 5
480 407
196 328
962 127
71 491
699 285
21 312
295 471
223 403
920 315
730 456
601 6
451 204
645 469
545 143
305 168
649 137
576 345
465 38
324 388
381 23
525 402
836 320
726 411
76 146
227 158
954 328
664 405
32 161
874 429
805 31
98 306
668 26
3 485
916 328
725 297
351 102
51 39
423 277
951 351
775 30
9 229
710 25
486 94
38 360
24 343
243 474
1 411
852 5
748 268
685 473
65 388
76 468
928 351
598 379
702 373
409 211
455 119
88 441
213 126
654 89
322 397
415 175
161 267
680 409
35 217
383 452
106 311
921 34
662 371
265 364
596 174
427 51
145 15
993 210
993 147
300 167
896 67
343 57
335 375
319 222
93 202
175 199
513 448
233 27
319 498
891 415
524 318
319 21
185 312
731 30
311 383
198 59
803 41
617 138
916 288
860 361
990 387
560 355
835 145
382 6
995 125
774 371
295 93
892 480
757 476
10 68
711 60
627 14
101 96
652 370
884 365
731 226
252 292
433 440
789 167
946 285
792 220
656 87
165 49
919 422
877 282
342 88
842 322
103 296
918 255
666 155
972 249
733 77
393 19
17 183
38 315
968 331
388 124
270 53
525 42
476 402
824 318
991 18
140 94
314 411
201 480
918 26
82 3
103 475
522 472
658 61
787 126
744 175
603 366
729 480
260 57
883 436
727 226
455 220
672 269
631 225
102 401
751 184
904 206
659 279
678 318
692 466
296 288
993 399
506 74
732 119
631 467
555 359
193 10
579 217
780 62
442 234
815 46
418 71
752 429
202 283
747 246
601 396
34 94
647 393
669 379
12 152
346 67
11 391
930 442
108 210
856 403
296 171
449 214
743 53
143 445
336 243
192 437
639 78
884 286
823 53
666 187
205 364
107 69
256 37
863 364
99 220
267 395
391 68
461 486
622 104
784 310
199 328
600 338
906 484
477 82
389 495
269 94
859 376
515 115
765 379
832 364
99 99
259 342
168 72
329 142
677 113
452 228
441 52
67 199
536 396
133 277
391 403
872 250
131 239
718 397
118 50
113 69
1 225
412 21
797 93
663 326
558 468
55 499
520 474
50 409
370 184
686 113
939 410
715 70
2 433
319 472
335 433
42 337
510 306
858 307
899 22
134 309
990 41
160 362
15 210
623 237
746 310
850 185
572 65
108 74
351 279
47 186
564 441
23 74
247 234
382 498
108 368
659 450
409 319
312 276
29 436
513 128
598 215
813 22
632 273
449 483
53 496
22 117
289 397
692 388
631 426
738 239
294 397
541 55
216 354
831 97
142 344
725 92
411 391
614 43
164 63
379 217
911 401
835 200
150 379
440 282
305 178
873 99
927 415
654 495
621 337
93 263
181 170
855 444
413 321
987 78
885 366
147 148
119 334
701 270
213 141
404 18
672 129
469 451
396 475
447 17
312 392
132 345
62 339
789 328
513 129
758 250
847 405
898 467
592 451
589 157
93 493
676 117
974 497
68 371
325 15
740 137
759 225
835 322
564 124
2 77
105 260
179 453
17 78
920 461
29 9
119 474
854 147
943 328
644 364
551 469
879 292
959 139
517 294
813 433
770 167
863 376
279 42
829 296
472 101
258 2
610 377
328 316
524 124
996 20
988 48
842 219
192 301
210 61
947 375
494 217
542 209
593 321
752 274
118 76
875 228
430 337
457 259
653 333
735 2
853 223
550 195
942 94
848 153
155 295
528 1
865 71
711 310
244 315
585 214
743 460
442 174
298 251
285 303
584 20
305 290
743 207
837 37
653 186
190 160
833 71
162 50
494 225
861 238
392 446
453 135
258 247
661 408
499 446
212 435
966 369
225 61
429 415
99 434
453 141
595 286
712 257
337 58
334 50
297 226
996 102
213 254
349 375
515 200
821 227
988 140
948 65
553 229
980 152
164 433
646 259
72 210
868 261
269 54
311 418
280 159
20 345
265 221
72 280
274 246
859 262
386 160
179 439
889 160
944 405
945 442
516 17
652 236
130 273
290 441
191 422
452 63
768 218
285 340
498 411
438 210
525 176
870 204
468 259
216 412
517 162
706 33
179 358
770 162
632 60
455 175
335 408
739 103
626 376
295 476
287 86
186 164
262 56
868 230
168 437
494 37
599 200
70 130
559 192
792 43
605 248
718 440
156 309
395 134
185 42
962 324
128 149
340 391
557 61
121 225
998 116
762 97
816 185
727 227
729 372
622 334
120 193
626 128
502 373
114 40
416 76
216 396
225 57
639 135
118 261
212 468
729 475
65 397
512 144
977 241
16 99
928 488
644 406
116 499
280 230
891 48
659 107
944 384
16 84
19 486
697 232
954 278
559 19
27 423
516 4
16 32
956 296
373 100
203 489
451 335
72 342
883 83
450 179
967 318
115 339
305 164
923 259
942 334
631 470
609 499
974 125
31 282
922 404
235 477
246 186
312 170
29 47
753 331
78 72
649 194
763 454
358 38
566 153
872 49
623 481
48 449
459 79
232 233
836 319
210 434
505 374
456 386
773 61
717 351
985 367
397 101
673 108
139 239
761 364
140 236
845 188
685 156
620 269
389 308
440 451
242 446
825 50
184 450
963 402
154 448
621 403
401 146
11 41
886 124
905 378
860 102
567 398
759 187
519 148
995 460
100 89
258 277
991 442
580 454
696 234
254 317
989 156
316 1
197 202
477 454
932 190
556 499
940 315
686 459
816 181
771 268
270 381
897 113
176 477
567 372
563 322
542 53
830 358
906 379
412 383
833 344
73 389
844 365
705 382
825 373
916 448
141 38
330 38
152 358
516 219
730 431
893 124
984 75
834 242
454 98
626 287
295 51
677 491
417 234
373 94
607 289
894 100
828 224
138 480
434 6
51 17
438 445
141 422
20 328
17 475
926 143
114 221
46 143
712 315
229 438
761 188
727 156
288 407
232 427
887 167
433 439
184 223
236 325
998 108
5 15
435 432
658 50
505 56
45 70
224 275
8 485
463 235
641 252
643 374
531 382
541 316
173 225
540 409
402 38
370 260
905 305
692 415
355 49
971 401
119 195
28 127
181 491
215 322
595 210
48 478
444 89
795 118
666 187
379 421
577 249
181 482
555 225
397 262
774 220
15 394
916 43
373 449
887 440
623 334
150 172
313 447
613 460
565 132
147 296
53 76
46 234
558 453
459 307
567 85
27 435
831 295
330 205
96 217
497 220
404 148
744 217
947 209
529 12
341 176
808 246
104 206
332 162
511 143
321 79
729 348
366 60
996 196
117 92
914 115
164 170
615 260
387 62
970 416
426 163
944 86
410 400
145 94
62 156
238 235
87 467
83 453
879 79
150 349
524 416
316 188
86 283
949 325
197 271
93 123
286 389
561 48
789 206
143 203
715 381
938 154
700 373
960 431
805 462
632 329
230 448
369 168
231 170
493 428
941 438
403 80
327 465
628 468
23 271
671 90
504 461
245 56
334 205
488 491
19 472
172 249
421 42
917 4
212 262
785 6
700 188
86 379
505 66
847 29
838 370
619 194
831 216
251 17
421 91
361 292
563 33
41 336
75 310
341 140
72 126
498 124
666 436
503 172
2 350
701 192
572 172
887 255
889 490
273 162
933 134
455 348
519 348
185 95
159 378
587 231
356 85
356 22
373 211
194 375
914 247
920 486
272 307
242 161
649 367
823 82
853 130
430 372
479 467
319 138
845 258
221 53
695 429
576 68
141 122
796 55
722 216
893 494
875 135
155 24
354 330
458 207
961 240
932 440
208 103
430 405
862 3
959 57
933 35
626 426
9 422
481 231
490 374
725 365
862 232
241 216
915 51
776 376
291 60
668 351
663 450
257 25
453 216
435 386
103 61
812 112
835 145
196 177
372 273
42 234
858 135
802 273
686 430
649 329
990 169
181 154
119 438
531 424
6 466
663 109
379 327
573 66
473 121
243 197
395 137
783 253
272 85
378 310
868 379
640 358
48 321
864 19
611 396
443 117
714 106
78 94
286 3
660 111
125 404
308 372
541 91
477 166
28 355
828 396
234 468
755 134
641 471
153 104
367 448
221 82
407 151
528 193
655 188
804 132
444 112
356 338
555 333
856 83
40 184
832 274
505 439
908 498
910 413
103 130
361 176
64 268
328 92
813 335
132 117
467 429
81 323
619 136
8 475
572 48
159 256
322 16
695 82
515 105
995 118
235 208
646 151
829 474
243 142
309 228
612 128
657 193
303 276
682 311
751 106
359 262
362 181
631 57
615 146
14 462
116 102
671 262
253 0
89 349
142 398
577 106
879 234
800 182
862 334
494 465
440 353
579 154
887 210
563 354
708 77
817 324
531 488
939 285
340 28
634 482
778 211
941 157
797 241
840 11
927 186
976 367
539 407
873 278
118 436
633 326
13 450
3 45
290 294
682 130
322 316
464 100
879 405
110 28
146 302
39 425
988 367
792 379
274 165
658 392
453 291
571 467
93 426
364 383
220 46
13 42
714 329
994 445
235 456
973 233
758 12
159 246
379 303
626 153
321 136
398 274
279 321
241 372
247 457
107 467
355 472
361 69
301 207
14 36
164 339
622 422
351 281
21 82
84 499
88 405
635 486
180 414
159 273
638 406
83 245
225 438
569 86
860 222
645 226
759 309
566 233
84 269
514 457
352 450
456 440
708 91
278 240
357 437
365 495
195 448
92 420
239 13
358 99
235 3
325 346
165 243
79 101
513 445
58 217
248 14
657 456
957 287
548 166
76 413
661 271
362 105
691 453
118 401
52 205
756 229
52 421
973 483
522 338
429 432
55 177
798 64
985 255
351 33
421 279
446 434
50 160
891 93
113 361
846 17
67 102
247 471
524 72
954 398
410 383
331 465
412 129
881 397
237 232
282 10
363 229
797 265
241 40
858 207
402 56
224 321
658 323
644 182
395 98
933 305
334 116
622 246
97 3
496 334
87 278
697 450
859 494
215 453
886 425
160 288
481 236
461 140
560 105
674 455
56 459
113 390
575 87
488 173
591 336
359 30
115 56
833 326
902 48
779 289
826 439
429 159
676 243
151 88
348 178
543 404
137 8
146 213
96 487
738 39
323 449
69 290
858 402
117 260
303 396
901 129
188 183
140 216
926 292
804 126
470 347
383 459
708 381
24 304
868 262
843 192
212 264
982 70
167 451
182 322
348 436
303 388
471 443
104 249
87 408
727 57
607 110
517 315
992 393
471 212
656 166
404 220
931 239
642 450
190 176
272 390
964 75
778 287
370 382
536 458
142 264
15 102
726 384
769 70
130 241
283 286
259 187
358 190
778 352
992 469
880 116
859 345
191 490
984 414
872 21
372 367
137 239
469 215
976 238
286 106
831 69
244 91
608 102
633 239
306 126
708 186
242 419
383 286
909 368
700 134
241 424
501 378
163 322
593 139
560 231
245 392
152 489
835 113
443 468
852 101
94 412
640 189
831 23
827 241
743 379
875 484
303 228
714 466
50 160
958 110
891 55
354 396
397 189
509 340
10 361
294 456
273 434
145 456
309 472
197 53
203 424
37 6
152 104
325 202
764 283
165 7
838 371
403 235
61 412
428 423
625 222
879 250
656 25
707 465
349 256
370 53
681 260
411 333
864 236
36 128
19 53
635 358
424 39
93 337
303 373
260 429
595 140
531 103
517 238
921 218
847 291
771 28
51 35
713 267
271 101
895 291
654 383
501 79
922 446
916 77
820 29
858 267
669 390
371 38
980 144
756 327
287 380
707 191
415 421
958 186
522 206
329 29
89 330
960 363
777 228
940 449
757 299
716 278
189 439
316 21
83 425
349 223
305 56
414 220
829 224
758 204
930 88
585 19
918 45
734 47
773 175
996 383
826 65
661 367
504 330
888 440
755 89
663 412
646 429
484 327
505 242
883 436
330 468
807 101
13 42
0 287
569 349
22 395
414 183
762 418
365 2
210 472
592 225
884 90
6 368
417 12
611 301
948 293
769 107
246 135
649 247
274 218
596 296
965 10
331 79
280 197
82 343
169 174
68 54
264 75
774 33
939 237
686 387
31 456
994 277
591 496
524 217
566 472
513 32
482 344
611 115
541 45
958 63
719 26
469 335
453 243
369 392
981 55
631 364
863 478
641 306
974 18
23 392
990 388
424 325
733 388
940 126
433 250
41 5
628 10
840 82
106 61
826 439
969 310
803 184
788 296
343 114
666 218
6 9
607 283
834 340
523 126
318 456
728 360
813 356
222 154
790 328
567 117
767 388
427 422
73 67
719 416
681 385
134 187
394 93
822 80
785 345
58 104
654 286
816 467
143 38
473 433
719 393
550 486
281 329
409 354
896 480
122 77
865 109
617 112
702 291
192 488
137 251
944 291
37 112
610 32
150 84
466 369
477 368
708 110
698 469
465 446
949 439
876 166
548 493
778 103
284 323
443 273
926 239
916 315
851 27
848 1
963 314
223 292
34 431
902 84
400 219
31 349
11 407
867 411
752 146
514 388
321 309
162 247
48 430
562 251
309 410
253 124
76 328
416 111
759 171
195 11
742 78
212 253
485 79
665 237
77 31
626 398
841 140
645 241
922 208
493 232
970 98
856 47
926 125
510 37
648 57
900 242
636 112
496 473
543 13
711 121
396 189
19 237
181 17
831 455
225 176
687 47
774 396
594 52
873 456
441 373
514 341
615 2
453 463
975 348
976 38
969 225
79 341
314 260
358 145
716 435
821 255
482 447
3 429
351 228
885 292
101 399
133 69
901 438
532 229
287 361
267 256
586 347
949 400
959 307
398 27
594 219
135 77
519 138
506 370
367 243
663 320
495 296
889 248
87 422
977 374
283 245
982 221
944 432
121 403
239 19
931 334
91 418
263 110
556 121
832 275
864 495
96 211
644 485
460 231
407 437
457 42
34 439
615 478
371 237
234 463
608 17
149 51
935 412
661 491
885 346
119 101
693 215
813 189
552 273
772 460
62 229
354 449
669 470
427 392
59 13
355 167
530 4
719 465
916 232
309 153
930 428
255 124
995 68
313 47
693 438
859 107
667 66
556 188
536 336
81 447
349 436
966 380
941 185
697 209
770 358
715 52
786 470
676 133
38 342
681 83
780 392
190 447
458 99
488 494
435 69
293 136
357 260
368 150
297 66
860 67
424 75
120 63
897 148
696 435
842 229
370 122
622 60
422 80
659 410
427 446
831 72
583 188
332 451
839 130
17 51
49 294
978 21
357 375
670 405
162 364
487 32
487 109
444 261
541 104
523 320
902 354
393 485
542 225
437 233
707 306
784 257
600 262
278 309
989 300
67 151
165 54
35 4
15 480
617 408
936 140
581 338
494 474
324 388
51 113
122 259
919 258
868 372
373 498
533 362
151 452
514 168
858 49
672 373
381 289
134 317
781 215
156 127
41 332
15 92
945 489
203 216
100 71
440 473
570 474
835 221
926 201
389 285
603 413
10 484
54 144
302 335
211 310
814 252
642 181
345 439
671 400
155 123
972 96
596 394
922 283
967 200
485 356
985 88
121 348
424 27
844 226
362 56
888 176
308 382
709 5
821 380
906 329
855 230
277 451
124 51
235 91
751 72
799 89
512 272
789 436
799 133
15 13
689 403
41 350
786 250
707 459
483 465
640 338
195 417
142 171
820 229
114 72
801 265
13 313
889 302
601 188
435 116
201 477
520 94
179 158
345 386
617 328
204 110
518 251
879 160
775 200
389 389
624 42
507 137
855 396
791 457
437 226
425 490
55 445
585 234
955 430
473 425
110 29
535 128
780 414
289 55
114 30
797 90
573 304
727 280
52 18
589 489
97 15
480 4
960 65
91 268
347 416
193 309
945 228
437 77
142 78
633 109
109 282
51 34
438 279
814 490
649 404
332 98
771 164
955 231
229 46
999 428
962 44
737 259
272 26
336 267
605 321
728 66
103 279
100 41
910 266
384 60
22 216
10 293
880 465
877 461
363 376
741 325
421 478
936 45
4 273
812 461
946 40
379 50
672 479
943 82
98 327
142 120
395 5
914 275
822 291
88 186
19 329
863 292
659 300
838 164
425 2
977 371
895 357
773 67
188 217
149 286
396 144
407 292
149 321
67 323
112 156
509 131
337 225
276 497
525 114
13 302
116 490
25 11
699 299
578 388
868 228
174 264
372 433
56 373
254 476
196 218
984 58
202 321
783 478
318 160
592 183
962 60
674 487
424 225
138 2
613 6
82 140
623 306
73 179
31 180
507 228
398 343
638 100
165 421
430 335
81 374
519 395
435 45
734 359
270 373
213 236
879 148
376 354
806 301
534 338
481 393
418 380
237 56
832 254
829 115
941 262
989 312
657 276
709 391
635 332
616 201
568 348
201 296
702 7
97 88
845 79
982 115
811 71
671 495
325 352
610 118
114 452
783 123
728 492
515 216
824 131
917 244
979 470
40 34
477 138
622 175
69 104
290 232
175 314
227 352
166 190
823 133
142 106
756 370
98 123
586 275
107 355
19 86
325 60
472 303
550 95
830 471
699 120
203 227
786 430
431 453
620 106
938 262
212 194
985 163
318 71
938 425
779 309
863 104
721 336
259 123
431 89
594 482
562 297
61 348
580 345
653 200
451 91
315 164
286 152
679 456
223 469
381 354
278 96
459 352
932 70
975 215
512 70
198 74
367 111
422 299
456 76
500 408
667 167
924 305
819 103
261 394
572 142
749 202
239 60
554 23
982 30
239 494
452 289
568 171
400 491
471 209
419 323
117 438
490 393
744 161
996 357
407 420
352 8
474 443
420 29
466 403
911 57
897 363
198 466
886 99
809 357
808 80
680 277
18 22
22 114
535 370
824 443
290 176
803 116
119 224
497 437
627 408
347 24
123 45
990 10
496 151
719 156
731 252
285 102
274 307
568 310
677 392
105 467
920 408
436 391
132 433
681 259
342 28
636 317
573 478
179 422
130 399
78 213
651 364
667 277
671 236
439 349
980 44
668 401
805 104
292 437
38 473
49 232
353 185
901 279
15 81
701 145
332 279
711 483
495 378
260 167
614 200
868 95
596 36
848 401
993 492
691 383
818 92
467 171
777 368
450 292
801 151
290 133
283 1
468 278
379 229
297 346
781 165
293 229
702 493
483 47
985 174
430 303
266 397
327 395
617 277
539 419
281 181
552 416
534 21
46 266
102 344
612 235
509 257
316 63
750 299
610 235
973 40
891 91
289 218
338 407
347 230
326 480
411 230
896 446
603 443
212 205
287 176
292 148
433 109
712 183
408 322
270 234
715 161
677 356
379 16
263 79
246 441
59 157
524 308
955 127
251 167
833 390
695 477
38 128
86 102
311 495
777 434
581 492
95 258
848 327
626 464
906 372
757 317
882 281
625 189
409 228
357 94
470 52
71 361
533 10
963 196
357 240
130 438
584 226
548 433
405 175
249 163
399 358
980 281
992 458
471 401
186 180
347 9
584 270
870 469
632 333
666 489
926 296
927 10
374 328
295 279
3 44
442 402
255 275
36 247
733 359
0 271
391 347
632 327
469 2
797 102
688 463
91 114
259 371
124 486
551 420
765 406
316 60
308 71
335 196
818 420
907 318
43 150
517 176
978 487
530 275
441 218
590 384
184 201
607 309
187 158
81 453
64 397
865 225
969 52
773 287
972 181
958 367
683 475
395 161
814 426
788 107
496 378
492 181
580 99
342 267
610 423
72 174
820 437
751 141
489 25
281 313
558 239
533 241
66 428
255 381
206 43
488 203
774 332
736 354
784 78
473 394
853 398
420 173
187 172
815 29
49 96
842 107
687 375
200 253
656 455
986 362
851 327
917 125
159 5
979 295
435 304
689 288
54 110
962 242
634 129
271 183
577 465
642 264
193 194
369 349
650 208
63 1
535 333
126 46
338 457
342 126
613 383
414 168
845 228
910 479
857 33
514 286
998 8
50 43
703 272
744 353
480 160
206 367
493 184
413 183
141 107
309 106
843 76
774 188
804 184
520 14
569 34
800 68
895 351
463 98
975 208
303 455
368 361
822 361
545 87
396 38
47 58
144 390
134 419
578 290
955 450
304 25
485 105
445 232
308 408
330 283
116 485
738 484
846 412
697 391
851 446
429 398
856 425
140 490
844 219
280 152
169 85
677 6
42 474
738 350
382 420
633 499
405 223
335 251
987 385
994 338
183 275
89 39
701 229
29 397
948 161
49 470
598 78
828 140
552 419
342 435
691 475
786 97
698 473
700 185
858 195
876 41
470 465
80 23
194 461
421 495
475 322
317 425
901 497
66 453
416 408
740 460
736 26
909 286
0 109
472 210
656 348
604 479
665 36
2 359
850 275
354 325
598 171
750 499
169 168
304 437
929 45
397 17
571 306
803 423
268 127
486 276
327 90
107 492
478 462
852 328
237 58
5 187
230 108
686 251
628 343
688 409
388 438
926 311
96 230
587 216
709 73
993 37
515 100
29 493
914 233
674 152
792 31
339 374
139 378
125 120
721 165
29 461
955 456
772 404
38 211
120 99
784 465
136 151
918 18
997 332
103 171
336 247
702 176
621 194
406 98
314 479
616 343
292 71
651 416
327 41
128 448
141 412
265 129
916 183
499 413
368 103
584 204
850 138
732 472
184 490
922 498
969 38
194 261
462 197
678 141
239 158
941 232
422 207
713 338
742 213
251 110
816 335
167 166
826 399
490 10
742 265
861 63
655 55
325 469
252 355
611 343
865 52
927 287
759 141
626 354
854 377
316 170
65 483
688 391
735 31
901 477
648 262
540 303
169 217
773 274
924 236
617 289
288 397
77 400
538 203
606 392
932 422
414 497
406 454
888 493
337 142
970 485
256 362
641 426
432 414
552 356
502 169
498 142
418 427
894 456
982 0
700 414
423 114
